x_star:     -6.986081302 z_star:     1080.475187
x_rec:      -7.164896429 z_rec:      1292.227652
x_rec_Saha: -7.230220139 z_rec_Saha: 1379.526378
x_Peebles:  -7.370293703 z_Peebles:  1587.100144